1 , 0.1474 , 0.144
2 , 0.2176 , 0.220032
3 , 0.2642 , 0.263105
4 , 0.2809 , 0.289343
5 , 0.3074 , 0.306453
6 , 0.3144 , 0.318288
7 , 0.3236 , 0.326874
8 , 0.3422 , 0.333337
9 , 0.3361 , 0.338339
10 , 0.341 , 0.342291
11 , 0.3405 , 0.34546
12 , 0.3481 , 0.348031
13 , 0.3455 , 0.350131
14 , 0.3467 , 0.351855
15 , 0.3568 , 0.353272
16 , 0.3615 , 0.354437
17 , 0.3511 , 0.355392
18 , 0.3616 , 0.356169
19 , 0.3554 , 0.356796
20 , 0.3625 , 0.357293
21 , 0.3642 , 0.35768
22 , 0.3483 , 0.357969
23 , 0.3583 , 0.358175
24 , 0.3583 , 0.358306
25 , 0.3519 , 0.358373
26 , 0.3537 , 0.358382
27 , 0.3535 , 0.35834
28 , 0.3618 , 0.358253
29 , 0.3603 , 0.358125
30 , 0.3549 , 0.357961
